0f 00 16 00 00 00 33 33 ff 0
00 60 dd 86 f5 9f 08 53 ff 0
00 00 01 00 24 00 00 00 ff 0
00 00 00 00 00 00 00 00 ff 0
02 ff 00 00 00 00 00 00 ff 0
00 00 00 00 00 00 00 00 ff 0
00 3a 16 00 00 00 00 00 ff 0
00 8f 00 01 00 00 02 05 ff 0
00 04 01 00 00 00 8c cf ff 0
00 00 00 00 02 ff 00 00 ff 0
08 ff 01 00 00 00 00 00 ff 0
00 00 00 00 00 00 f5 9f 03 1
0f 00 16 00 00 00 33 33 ff 0
00 60 dd 86 f5 9f 08 53 ff 0
00 00 01 00 24 00 00 00 ff 0
00 00 00 00 00 00 00 00 ff 0
02 ff 00 00 00 00 00 00 ff 0
00 00 00 00 00 00 00 00 ff 0
00 3a 16 00 00 00 00 00 ff 0
00 8f 00 01 00 00 02 05 ff 0
00 04 01 00 00 00 8c cf ff 0
00 00 00 00 02 ff 00 00 ff 0
08 ff 01 00 00 00 00 00 ff 0
00 00 00 00 00 00 f5 9f 03 1
0f 00 16 00 00 5e 00 01 ff 0
c0 46 00 08 f5 9f 08 53 ff 0
02 01 00 40 00 00 28 00 ff 0
00 e0 0a 01 01 01 ef 01 ff 0
23 56 00 00 04 94 16 00 ff 0
00 04 01 00 00 00 b0 01 ff 0
00 00 fb 00 f0 2c 00 00 3f 1
0f 00 fb 00 00 5e 00 01 ff 0
00 45 00 08 f5 9f 08 53 ff 0
11 ff 00 40 0d 69 49 00 ff 0
00 e0 0a 01 01 01 90 2f ff 0
23 56 e9 14 e9 14 fb 00 ff 0
02 00 00 00 00 00 b0 01 ff 0
5f 05 00 00 9d 99 00 00 ff 0
63 74 5f 04 73 70 70 69 ff 0
00 6c 61 63 6f 6c 05 70 ff 0
70 69 5f 04 01 00 0c 00 ff 0
00 01 00 0c 00 12 c0 70 7f 1
0f 00 fb 00 00 5e 00 01 ff 0
00 45 00 08 f5 9f 08 53 ff 0
11 ff 00 40 0e 69 2c 01 ff 0
00 e0 0a 01 01 01 ac 2e ff 0
23 56 e9 14 e9 14 fb 00 ff 0
04 00 00 00 00 00 b0 01 ff 0
7a 0c 00 00 ae e8 00 00 ff 0
77 2d 6e 61 76 74 73 69 ff 0
69 64 75 5f 0b 6b 72 6f ff 0
04 68 73 73 2d 73 6b 73 ff 0
63 6f 6c 05 70 63 74 5f ff 0
0c 01 00 ff 00 00 6c 61 ff 0
2d 6e 61 76 74 73 69 7a ff 0
ff 00 2a c0 6b 72 6f 77 ff 0
01 31 01 30 31 02 01 00 ff 0
61 2d 6e 69 07 31 01 31 ff 0
61 70 72 61 04 72 64 64 ff 0
69 7a 20 01 00 ff 00 00 ff 0
6f 77 2d 6e 61 76 74 73 ff 0
30 3a 30 30 5b 20 6b 72 ff 0
3a 38 30 3a 33 35 3a 66 ff 0
5f 0c 5d 35 66 3a 66 39 ff 0
74 61 74 73 6b 72 6f 77 ff 0
00 ff 00 25 c0 6e 6f 69 ff 0
00 01 00 01 00 35 c0 01 ff 0
01 01 01 04 00 78 00 00 ff 0
00 01 00 0c 00 48 c0 0a ff 0
c0 35 c0 02 00 78 00 00 ff 0
00 00 00 01 00 0d 00 35 ff 0
5f 36 38 58 06 0d 00 78 ff 0
58 55 4e 49 4c 05 34 36 ff 0
00 00 01 00 21 00 63 c0 ff 0
00 00 00 00 08 00 78 00 ff 0
10 00 63 c0 35 c0 09 00 ff 0
01 00 94 11 00 00 01 00 ff 0
00 01 00 21 00 0c c0 00 ff 0
00 00 00 08 00 78 00 00 ff 0
00 0c c0 35 c0 16 00 00 ff 0
00 94 11 00 00 01 00 10 ff 0
00 00 00 00 00 00 00 01 03 1
